    33    46
     3    11
    43    40
     1    26
    25     8
     4    19
    19    49
     6    10
    36     7
    20    50
    10    15
    35    23
    21    28
    38    31
    45    44
    31    34
    40    32
    37     1
    22    48
    26    38
    28    16
    49    22
    46    29
    32    47
    17    24
    16    17
    39    25
    12     4
     5    12
    27    30
    47    39
    30    27
    14    45
    29    33
    11    21
     2     3
     9     6
    44    14
    15     5
    24     2
     8    37
     7    43
    18    35
    23    20
    42    42
    48    13
    41    41
    13    18
    50    36
    34     9